2024/08/26-12:20:42.040367 673c RocksDB version: 8.3.2
2024/08/26-12:20:42.040434 673c Git sha 3f7c92b9753b697ce6a5ea737086d2751f17956c
2024/08/26-12:20:42.040452 673c Compile date 2023-06-28 10:58:06
2024/08/26-12:20:42.040466 673c DB SUMMARY
2024/08/26-12:20:42.040478 673c DB Session ID:  ICENZ42K5KEHRUDSYDJC
2024/08/26-12:20:42.041496 673c CURRENT file:  CURRENT
2024/08/26-12:20:42.041513 673c IDENTITY file:  IDENTITY
2024/08/26-12:20:42.041592 673c MANIFEST file:  MANIFEST-000048 size: 3301 Bytes
2024/08/26-12:20:42.041612 673c SST files in D:\Documents\Kuliah S2\besu-network\QBFT-Network\Node3\data\database dir, Total Num: 8, files: 000041.sst 000051.sst 000052.sst 000053.sst 000054.sst 000055.sst 000056.sst 000057.sst 
2024/08/26-12:20:42.041623 673c Write Ahead Log file in D:\Documents\Kuliah S2\besu-network\QBFT-Network\Node3\data\database: 000047.log size: 6936668 ; 
2024/08/26-12:20:42.041794 673c                         Options.error_if_exists: 0
2024/08/26-12:20:42.041802 673c                       Options.create_if_missing: 1
2024/08/26-12:20:42.041805 673c                         Options.paranoid_checks: 1
2024/08/26-12:20:42.041808 673c             Options.flush_verify_memtable_count: 1
2024/08/26-12:20:42.041812 673c                               Options.track_and_verify_wals_in_manifest: 0
2024/08/26-12:20:42.041816 673c        Options.verify_sst_unique_id_in_manifest: 1
2024/08/26-12:20:42.041819 673c                                     Options.env: 000001F2E1E8D410
2024/08/26-12:20:42.041827 673c                                      Options.fs: WinFS
2024/08/26-12:20:42.041831 673c                                Options.info_log: 000001F2E2D76A30
2024/08/26-12:20:42.041835 673c                Options.max_file_opening_threads: 16
2024/08/26-12:20:42.041838 673c                              Options.statistics: 000001F2E1F9D2D0
2024/08/26-12:20:42.041842 673c                               Options.use_fsync: 0
2024/08/26-12:20:42.041846 673c                       Options.max_log_file_size: 0
2024/08/26-12:20:42.041849 673c                  Options.max_manifest_file_size: 1073741824
2024/08/26-12:20:42.041853 673c                   Options.log_file_time_to_roll: 86400
2024/08/26-12:20:42.041856 673c                       Options.keep_log_file_num: 7
2024/08/26-12:20:42.041860 673c                    Options.recycle_log_file_num: 0
2024/08/26-12:20:42.041863 673c                         Options.allow_fallocate: 1
2024/08/26-12:20:42.041866 673c                        Options.allow_mmap_reads: 0
2024/08/26-12:20:42.041870 673c                       Options.allow_mmap_writes: 0
2024/08/26-12:20:42.041873 673c                        Options.use_direct_reads: 0
2024/08/26-12:20:42.041876 673c                        Options.use_direct_io_for_flush_and_compaction: 0
2024/08/26-12:20:42.041880 673c          Options.create_missing_column_families: 1
2024/08/26-12:20:42.041883 673c                              Options.db_log_dir: 
2024/08/26-12:20:42.041887 673c                                 Options.wal_dir: 
2024/08/26-12:20:42.041890 673c                Options.table_cache_numshardbits: 6
2024/08/26-12:20:42.041893 673c                         Options.WAL_ttl_seconds: 0
2024/08/26-12:20:42.041897 673c                       Options.WAL_size_limit_MB: 0
2024/08/26-12:20:42.041900 673c                        Options.max_write_batch_group_size_bytes: 1048576
2024/08/26-12:20:42.041904 673c             Options.manifest_preallocation_size: 4194304
2024/08/26-12:20:42.041907 673c                     Options.is_fd_close_on_exec: 1
2024/08/26-12:20:42.041910 673c                   Options.advise_random_on_open: 1
2024/08/26-12:20:42.041914 673c                    Options.db_write_buffer_size: 0
2024/08/26-12:20:42.041917 673c                    Options.write_buffer_manager: 000001F2E1E8E130
2024/08/26-12:20:42.041921 673c         Options.access_hint_on_compaction_start: 1
2024/08/26-12:20:42.041924 673c           Options.random_access_max_buffer_size: 1048576
2024/08/26-12:20:42.041927 673c                      Options.use_adaptive_mutex: 0
2024/08/26-12:20:42.041954 673c                            Options.rate_limiter: 0000000000000000
2024/08/26-12:20:42.041961 673c     Options.sst_file_manager.rate_bytes_per_sec: 0
2024/08/26-12:20:42.041967 673c                       Options.wal_recovery_mode: 2
2024/08/26-12:20:42.041970 673c                  Options.enable_thread_tracking: 0
2024/08/26-12:20:42.041974 673c                  Options.enable_pipelined_write: 0
2024/08/26-12:20:42.041977 673c                  Options.unordered_write: 0
2024/08/26-12:20:42.041981 673c         Options.allow_concurrent_memtable_write: 1
2024/08/26-12:20:42.041984 673c      Options.enable_write_thread_adaptive_yield: 1
2024/08/26-12:20:42.041988 673c             Options.write_thread_max_yield_usec: 100
2024/08/26-12:20:42.041991 673c            Options.write_thread_slow_yield_usec: 3
2024/08/26-12:20:42.041994 673c                               Options.row_cache: None
2024/08/26-12:20:42.041998 673c                              Options.wal_filter: None
2024/08/26-12:20:42.042001 673c             Options.avoid_flush_during_recovery: 0
2024/08/26-12:20:42.042005 673c             Options.allow_ingest_behind: 0
2024/08/26-12:20:42.042008 673c             Options.two_write_queues: 0
2024/08/26-12:20:42.042011 673c             Options.manual_wal_flush: 0
2024/08/26-12:20:42.042014 673c             Options.wal_compression: 0
2024/08/26-12:20:42.042018 673c             Options.atomic_flush: 0
2024/08/26-12:20:42.042021 673c             Options.avoid_unnecessary_blocking_io: 0
2024/08/26-12:20:42.042025 673c                 Options.persist_stats_to_disk: 0
2024/08/26-12:20:42.042028 673c                 Options.write_dbid_to_manifest: 0
2024/08/26-12:20:42.042031 673c                 Options.log_readahead_size: 0
2024/08/26-12:20:42.042035 673c                 Options.file_checksum_gen_factory: Unknown
2024/08/26-12:20:42.042038 673c                 Options.best_efforts_recovery: 0
2024/08/26-12:20:42.042042 673c                Options.max_bgerror_resume_count: 2147483647
2024/08/26-12:20:42.042045 673c            Options.bgerror_resume_retry_interval: 1000000
2024/08/26-12:20:42.042049 673c             Options.allow_data_in_errors: 0
2024/08/26-12:20:42.042052 673c             Options.db_host_id: __hostname__
2024/08/26-12:20:42.042055 673c             Options.enforce_single_del_contracts: true
2024/08/26-12:20:42.042059 673c             Options.max_background_jobs: 2
2024/08/26-12:20:42.042063 673c             Options.max_background_compactions: -1
2024/08/26-12:20:42.042066 673c             Options.max_subcompactions: 1
2024/08/26-12:20:42.042070 673c             Options.avoid_flush_during_shutdown: 0
2024/08/26-12:20:42.042073 673c           Options.writable_file_max_buffer_size: 1048576
2024/08/26-12:20:42.042076 673c             Options.delayed_write_rate : 16777216
2024/08/26-12:20:42.042080 673c             Options.max_total_wal_size: 1073741824
2024/08/26-12:20:42.042083 673c             Options.delete_obsolete_files_period_micros: 21600000000
2024/08/26-12:20:42.042087 673c                   Options.stats_dump_period_sec: 600
2024/08/26-12:20:42.042090 673c                 Options.stats_persist_period_sec: 600
2024/08/26-12:20:42.042093 673c                 Options.stats_history_buffer_size: 1048576
2024/08/26-12:20:42.042097 673c                          Options.max_open_files: 1024
2024/08/26-12:20:42.042100 673c                          Options.bytes_per_sync: 0
2024/08/26-12:20:42.042103 673c                      Options.wal_bytes_per_sync: 0
2024/08/26-12:20:42.042107 673c                   Options.strict_bytes_per_sync: 0
2024/08/26-12:20:42.042110 673c       Options.compaction_readahead_size: 0
2024/08/26-12:20:42.042114 673c                  Options.max_background_flushes: -1
2024/08/26-12:20:42.042125 673c Compression algorithms supported:
2024/08/26-12:20:42.042130 673c 	kZSTD supported: 1
2024/08/26-12:20:42.042133 673c 	kSnappyCompression supported: 1
2024/08/26-12:20:42.042136 673c 	kBZip2Compression supported: 0
2024/08/26-12:20:42.042140 673c 	kZlibCompression supported: 1
2024/08/26-12:20:42.042163 673c 	kLZ4Compression supported: 1
2024/08/26-12:20:42.042168 673c 	kXpressCompression supported: 0
2024/08/26-12:20:42.042171 673c 	kLZ4HCCompression supported: 1
2024/08/26-12:20:42.042174 673c 	kZSTDNotFinalCompression supported: 1
2024/08/26-12:20:42.042178 673c Fast CRC32 supported: Not supported on x86
2024/08/26-12:20:42.042182 673c DMutex implementation: std::mutex
2024/08/26-12:20:42.042993 673c [db\version_set.cc:5834] Recovering from manifest file: D:\Documents\Kuliah S2\besu-network\QBFT-Network\Node3\data\database/MANIFEST-000048
2024/08/26-12:20:42.043230 673c [db\column_family.cc:621] --------------- Options for column family [default]:
2024/08/26-12:20:42.043250 673c               Options.comparator: leveldb.BytewiseComparator
2024/08/26-12:20:42.043257 673c           Options.merge_operator: None
2024/08/26-12:20:42.043261 673c        Options.compaction_filter: None
2024/08/26-12:20:42.043264 673c        Options.compaction_filter_factory: None
2024/08/26-12:20:42.043267 673c  Options.sst_partitioner_factory: None
2024/08/26-12:20:42.043270 673c         Options.memtable_factory: SkipListFactory
2024/08/26-12:20:42.043274 673c            Options.table_factory: BlockBasedTable
2024/08/26-12:20:42.043299 673c            table_factory options:   flush_block_policy_factory: FlushBlockBySizePolicyFactory (000001F2DB251C50)
  cache_index_and_filter_blocks: 0
  cache_index_and_filter_blocks_with_high_priority: 1
  pin_l0_filter_and_index_blocks_in_cache: 0
  pin_top_level_index_and_filter: 1
  index_type: 0
  data_block_index_type: 0
  index_shortening: 1
  data_block_hash_table_util_ratio: 0.750000
  checksum: 1
  no_block_cache: 0
  block_cache: 000001F2E1E8C610
  block_cache_name: LRUCache
  block_cache_options:
    capacity : 134217728
    num_shard_bits : 6
    strict_capacity_limit : 0
    memory_allocator : None
    high_pri_pool_ratio: 0.000
    low_pri_pool_ratio: 0.000
  persistent_cache: 0000000000000000
  block_size: 32768
  block_size_deviation: 10
  block_restart_interval: 16
  index_block_restart_interval: 1
  metadata_block_size: 4096
  partition_filters: 0
  use_delta_encoding: 1
  filter_policy: bloomfilter
  whole_key_filtering: 1
  verify_compression: 0
  read_amp_bytes_per_bit: 0
  format_version: 5
  enable_index_compression: 1
  block_align: 0
  max_auto_readahead_size: 262144
  prepopulate_block_cache: 0
  initial_auto_readahead_size: 8192
  num_file_reads_for_auto_readahead: 2
2024/08/26-12:20:42.043304 673c        Options.write_buffer_size: 67108864
2024/08/26-12:20:42.043307 673c  Options.max_write_buffer_number: 2
2024/08/26-12:20:42.043311 673c          Options.compression: LZ4
2024/08/26-12:20:42.043314 673c                  Options.bottommost_compression: Disabled
2024/08/26-12:20:42.043317 673c       Options.prefix_extractor: nullptr
2024/08/26-12:20:42.043321 673c   Options.memtable_insert_with_hint_prefix_extractor: nullptr
2024/08/26-12:20:42.043324 673c             Options.num_levels: 7
2024/08/26-12:20:42.043327 673c        Options.min_write_buffer_number_to_merge: 1
2024/08/26-12:20:42.043331 673c     Options.max_write_buffer_number_to_maintain: 0
2024/08/26-12:20:42.043334 673c     Options.max_write_buffer_size_to_maintain: 134217728
2024/08/26-12:20:42.043337 673c            Options.bottommost_compression_opts.window_bits: -14
2024/08/26-12:20:42.043341 673c                  Options.bottommost_compression_opts.level: 32767
2024/08/26-12:20:42.043345 673c               Options.bottommost_compression_opts.strategy: 0
2024/08/26-12:20:42.043349 673c         Options.bottommost_compression_opts.max_dict_bytes: 0
2024/08/26-12:20:42.043352 673c         Options.bottommost_compression_opts.zstd_max_train_bytes: 0
2024/08/26-12:20:42.043355 673c         Options.bottommost_compression_opts.parallel_threads: 1
2024/08/26-12:20:42.043359 673c                  Options.bottommost_compression_opts.enabled: false
2024/08/26-12:20:42.043363 673c         Options.bottommost_compression_opts.max_dict_buffer_bytes: 0
2024/08/26-12:20:42.043366 673c         Options.bottommost_compression_opts.use_zstd_dict_trainer: true
2024/08/26-12:20:42.043371 673c            Options.compression_opts.window_bits: -14
2024/08/26-12:20:42.043377 673c                  Options.compression_opts.level: 32767
2024/08/26-12:20:42.043380 673c               Options.compression_opts.strategy: 0
2024/08/26-12:20:42.043384 673c         Options.compression_opts.max_dict_bytes: 0
2024/08/26-12:20:42.043387 673c         Options.compression_opts.zstd_max_train_bytes: 0
2024/08/26-12:20:42.043390 673c         Options.compression_opts.use_zstd_dict_trainer: true
2024/08/26-12:20:42.043394 673c         Options.compression_opts.parallel_threads: 1
2024/08/26-12:20:42.043397 673c                  Options.compression_opts.enabled: false
2024/08/26-12:20:42.043400 673c         Options.compression_opts.max_dict_buffer_bytes: 0
2024/08/26-12:20:42.043404 673c      Options.level0_file_num_compaction_trigger: 4
2024/08/26-12:20:42.043407 673c          Options.level0_slowdown_writes_trigger: 20
2024/08/26-12:20:42.043410 673c              Options.level0_stop_writes_trigger: 36
2024/08/26-12:20:42.043414 673c                   Options.target_file_size_base: 67108864
2024/08/26-12:20:42.043417 673c             Options.target_file_size_multiplier: 1
2024/08/26-12:20:42.043420 673c                Options.max_bytes_for_level_base: 268435456
2024/08/26-12:20:42.043424 673c Options.level_compaction_dynamic_level_bytes: 0
2024/08/26-12:20:42.043428 673c          Options.max_bytes_for_level_multiplier: 10.000000
2024/08/26-12:20:42.043432 673c Options.max_bytes_for_level_multiplier_addtl[0]: 1
2024/08/26-12:20:42.043436 673c Options.max_bytes_for_level_multiplier_addtl[1]: 1
2024/08/26-12:20:42.043439 673c Options.max_bytes_for_level_multiplier_addtl[2]: 1
2024/08/26-12:20:42.043443 673c Options.max_bytes_for_level_multiplier_addtl[3]: 1
2024/08/26-12:20:42.043446 673c Options.max_bytes_for_level_multiplier_addtl[4]: 1
2024/08/26-12:20:42.043449 673c Options.max_bytes_for_level_multiplier_addtl[5]: 1
2024/08/26-12:20:42.043453 673c Options.max_bytes_for_level_multiplier_addtl[6]: 1
2024/08/26-12:20:42.043456 673c       Options.max_sequential_skip_in_iterations: 8
2024/08/26-12:20:42.043460 673c                    Options.max_compaction_bytes: 1677721600
2024/08/26-12:20:42.043463 673c   Options.ignore_max_compaction_bytes_for_input: true
2024/08/26-12:20:42.043467 673c                        Options.arena_block_size: 1048576
2024/08/26-12:20:42.043470 673c   Options.soft_pending_compaction_bytes_limit: 68719476736
2024/08/26-12:20:42.043473 673c   Options.hard_pending_compaction_bytes_limit: 274877906944
2024/08/26-12:20:42.043477 673c                Options.disable_auto_compactions: 0
2024/08/26-12:20:42.043481 673c                        Options.compaction_style: kCompactionStyleLevel
2024/08/26-12:20:42.043485 673c                          Options.compaction_pri: kMinOverlappingRatio
2024/08/26-12:20:42.043489 673c Options.compaction_options_universal.size_ratio: 1
2024/08/26-12:20:42.043492 673c Options.compaction_options_universal.min_merge_width: 2
2024/08/26-12:20:42.043495 673c Options.compaction_options_universal.max_merge_width: 4294967295
2024/08/26-12:20:42.043499 673c Options.compaction_options_universal.max_size_amplification_percent: 200
2024/08/26-12:20:42.043502 673c Options.compaction_options_universal.compression_size_percent: -1
2024/08/26-12:20:42.043506 673c Options.compaction_options_universal.stop_style: kCompactionStopStyleTotalSize
2024/08/26-12:20:42.043510 673c Options.compaction_options_fifo.max_table_files_size: 1073741824
2024/08/26-12:20:42.043513 673c Options.compaction_options_fifo.allow_compaction: 0
2024/08/26-12:20:42.043518 673c                   Options.table_properties_collectors: 
2024/08/26-12:20:42.043525 673c                   Options.inplace_update_support: 0
2024/08/26-12:20:42.043529 673c                 Options.inplace_update_num_locks: 10000
2024/08/26-12:20:42.043533 673c               Options.memtable_prefix_bloom_size_ratio: 0.000000
2024/08/26-12:20:42.043537 673c               Options.memtable_whole_key_filtering: 0
2024/08/26-12:20:42.043565 673c   Options.memtable_huge_page_size: 0
2024/08/26-12:20:42.043571 673c                           Options.bloom_locality: 0
2024/08/26-12:20:42.043574 673c                    Options.max_successive_merges: 0
2024/08/26-12:20:42.043578 673c                Options.optimize_filters_for_hits: 0
2024/08/26-12:20:42.043581 673c                Options.paranoid_file_checks: 0
2024/08/26-12:20:42.043584 673c                Options.force_consistency_checks: 1
2024/08/26-12:20:42.043588 673c                Options.report_bg_io_stats: 0
2024/08/26-12:20:42.043591 673c                               Options.ttl: 0
2024/08/26-12:20:42.043594 673c          Options.periodic_compaction_seconds: 0
2024/08/26-12:20:42.043598 673c  Options.preclude_last_level_data_seconds: 0
2024/08/26-12:20:42.043601 673c    Options.preserve_internal_time_seconds: 0
2024/08/26-12:20:42.043604 673c                       Options.enable_blob_files: false
2024/08/26-12:20:42.043611 673c                           Options.min_blob_size: 0
2024/08/26-12:20:42.043614 673c                          Options.blob_file_size: 268435456
2024/08/26-12:20:42.043618 673c                   Options.blob_compression_type: NoCompression
2024/08/26-12:20:42.043621 673c          Options.enable_blob_garbage_collection: false
2024/08/26-12:20:42.043626 673c      Options.blob_garbage_collection_age_cutoff: 0.250000
2024/08/26-12:20:42.043630 673c Options.blob_garbage_collection_force_threshold: 1.000000
2024/08/26-12:20:42.043634 673c          Options.blob_compaction_readahead_size: 0
2024/08/26-12:20:42.043637 673c                Options.blob_file_starting_level: 0
2024/08/26-12:20:42.043641 673c Options.experimental_mempurge_threshold: 0.000000
2024/08/26-12:20:42.043792 673c [db\column_family.cc:621] --------------- Options for column family []:
2024/08/26-12:20:42.043799 673c               Options.comparator: leveldb.BytewiseComparator
2024/08/26-12:20:42.043802 673c           Options.merge_operator: None
2024/08/26-12:20:42.043806 673c        Options.compaction_filter: None
2024/08/26-12:20:42.043809 673c        Options.compaction_filter_factory: None
2024/08/26-12:20:42.043812 673c  Options.sst_partitioner_factory: None
2024/08/26-12:20:42.043815 673c         Options.memtable_factory: SkipListFactory
2024/08/26-12:20:42.043818 673c            Options.table_factory: BlockBasedTable
2024/08/26-12:20:42.043839 673c            table_factory options:   flush_block_policy_factory: FlushBlockBySizePolicyFactory (000001F2DB251CB0)
  cache_index_and_filter_blocks: 0
  cache_index_and_filter_blocks_with_high_priority: 1
  pin_l0_filter_and_index_blocks_in_cache: 0
  pin_top_level_index_and_filter: 1
  index_type: 0
  data_block_index_type: 0
  index_shortening: 1
  data_block_hash_table_util_ratio: 0.750000
  checksum: 1
  no_block_cache: 0
  block_cache: 000001F2E1E8B350
  block_cache_name: LRUCache
  block_cache_options:
    capacity : 134217728
    num_shard_bits : 6
    strict_capacity_limit : 0
    memory_allocator : None
    high_pri_pool_ratio: 0.000
    low_pri_pool_ratio: 0.000
  persistent_cache: 0000000000000000
  block_size: 32768
  block_size_deviation: 10
  block_restart_interval: 16
  index_block_restart_interval: 1
  metadata_block_size: 4096
  partition_filters: 0
  use_delta_encoding: 1
  filter_policy: bloomfilter
  whole_key_filtering: 1
  verify_compression: 0
  read_amp_bytes_per_bit: 0
  format_version: 5
  enable_index_compression: 1
  block_align: 0
  max_auto_readahead_size: 262144
  prepopulate_block_cache: 0
  initial_auto_readahead_size: 8192
  num_file_reads_for_auto_readahead: 2
2024/08/26-12:20:42.043843 673c        Options.write_buffer_size: 67108864
2024/08/26-12:20:42.043846 673c  Options.max_write_buffer_number: 2
2024/08/26-12:20:42.043850 673c          Options.compression: LZ4
2024/08/26-12:20:42.043853 673c                  Options.bottommost_compression: Disabled
2024/08/26-12:20:42.043856 673c       Options.prefix_extractor: nullptr
2024/08/26-12:20:42.043860 673c   Options.memtable_insert_with_hint_prefix_extractor: nullptr
2024/08/26-12:20:42.043865 673c             Options.num_levels: 7
2024/08/26-12:20:42.043870 673c        Options.min_write_buffer_number_to_merge: 1
2024/08/26-12:20:42.043873 673c     Options.max_write_buffer_number_to_maintain: 0
2024/08/26-12:20:42.043879 673c     Options.max_write_buffer_size_to_maintain: 134217728
2024/08/26-12:20:42.043882 673c            Options.bottommost_compression_opts.window_bits: -14
2024/08/26-12:20:42.043886 673c                  Options.bottommost_compression_opts.level: 32767
2024/08/26-12:20:42.043889 673c               Options.bottommost_compression_opts.strategy: 0
2024/08/26-12:20:42.043893 673c         Options.bottommost_compression_opts.max_dict_bytes: 0
2024/08/26-12:20:42.043896 673c         Options.bottommost_compression_opts.zstd_max_train_bytes: 0
2024/08/26-12:20:42.043900 673c         Options.bottommost_compression_opts.parallel_threads: 1
2024/08/26-12:20:42.043903 673c                  Options.bottommost_compression_opts.enabled: false
2024/08/26-12:20:42.043907 673c         Options.bottommost_compression_opts.max_dict_buffer_bytes: 0
2024/08/26-12:20:42.043911 673c         Options.bottommost_compression_opts.use_zstd_dict_trainer: true
2024/08/26-12:20:42.043914 673c            Options.compression_opts.window_bits: -14
2024/08/26-12:20:42.043918 673c                  Options.compression_opts.level: 32767
2024/08/26-12:20:42.043921 673c               Options.compression_opts.strategy: 0
2024/08/26-12:20:42.043924 673c         Options.compression_opts.max_dict_bytes: 0
2024/08/26-12:20:42.043928 673c         Options.compression_opts.zstd_max_train_bytes: 0
2024/08/26-12:20:42.043931 673c         Options.compression_opts.use_zstd_dict_trainer: true
2024/08/26-12:20:42.043934 673c         Options.compression_opts.parallel_threads: 1
2024/08/26-12:20:42.043938 673c                  Options.compression_opts.enabled: false
2024/08/26-12:20:42.043941 673c         Options.compression_opts.max_dict_buffer_bytes: 0
2024/08/26-12:20:42.043944 673c      Options.level0_file_num_compaction_trigger: 4
2024/08/26-12:20:42.043948 673c          Options.level0_slowdown_writes_trigger: 20
2024/08/26-12:20:42.043951 673c              Options.level0_stop_writes_trigger: 36
2024/08/26-12:20:42.043954 673c                   Options.target_file_size_base: 67108864
2024/08/26-12:20:42.043958 673c             Options.target_file_size_multiplier: 1
2024/08/26-12:20:42.043961 673c                Options.max_bytes_for_level_base: 268435456
2024/08/26-12:20:42.043965 673c Options.level_compaction_dynamic_level_bytes: 0
2024/08/26-12:20:42.043969 673c          Options.max_bytes_for_level_multiplier: 10.000000
2024/08/26-12:20:42.043972 673c Options.max_bytes_for_level_multiplier_addtl[0]: 1
2024/08/26-12:20:42.043976 673c Options.max_bytes_for_level_multiplier_addtl[1]: 1
2024/08/26-12:20:42.043980 673c Options.max_bytes_for_level_multiplier_addtl[2]: 1
2024/08/26-12:20:42.043983 673c Options.max_bytes_for_level_multiplier_addtl[3]: 1
2024/08/26-12:20:42.043986 673c Options.max_bytes_for_level_multiplier_addtl[4]: 1
2024/08/26-12:20:42.043990 673c Options.max_bytes_for_level_multiplier_addtl[5]: 1
2024/08/26-12:20:42.043993 673c Options.max_bytes_for_level_multiplier_addtl[6]: 1
2024/08/26-12:20:42.043997 673c       Options.max_sequential_skip_in_iterations: 8
2024/08/26-12:20:42.044000 673c                    Options.max_compaction_bytes: 1677721600
2024/08/26-12:20:42.044004 673c   Options.ignore_max_compaction_bytes_for_input: true
2024/08/26-12:20:42.044007 673c                        Options.arena_block_size: 1048576
2024/08/26-12:20:42.044011 673c   Options.soft_pending_compaction_bytes_limit: 68719476736
2024/08/26-12:20:42.044014 673c   Options.hard_pending_compaction_bytes_limit: 274877906944
2024/08/26-12:20:42.044018 673c                Options.disable_auto_compactions: 0
2024/08/26-12:20:42.044021 673c                        Options.compaction_style: kCompactionStyleLevel
2024/08/26-12:20:42.044025 673c                          Options.compaction_pri: kMinOverlappingRatio
2024/08/26-12:20:42.044030 673c Options.compaction_options_universal.size_ratio: 1
2024/08/26-12:20:42.044034 673c Options.compaction_options_universal.min_merge_width: 2
2024/08/26-12:20:42.044038 673c Options.compaction_options_universal.max_merge_width: 4294967295
2024/08/26-12:20:42.044041 673c Options.compaction_options_universal.max_size_amplification_percent: 200
2024/08/26-12:20:42.044045 673c Options.compaction_options_universal.compression_size_percent: -1
2024/08/26-12:20:42.044049 673c Options.compaction_options_universal.stop_style: kCompactionStopStyleTotalSize
2024/08/26-12:20:42.044052 673c Options.compaction_options_fifo.max_table_files_size: 1073741824
2024/08/26-12:20:42.044056 673c Options.compaction_options_fifo.allow_compaction: 0
2024/08/26-12:20:42.044060 673c                   Options.table_properties_collectors: 
2024/08/26-12:20:42.044063 673c                   Options.inplace_update_support: 0
2024/08/26-12:20:42.044067 673c                 Options.inplace_update_num_locks: 10000
2024/08/26-12:20:42.044071 673c               Options.memtable_prefix_bloom_size_ratio: 0.000000
2024/08/26-12:20:42.044075 673c               Options.memtable_whole_key_filtering: 0
2024/08/26-12:20:42.044078 673c   Options.memtable_huge_page_size: 0
2024/08/26-12:20:42.044082 673c                           Options.bloom_locality: 0
2024/08/26-12:20:42.044085 673c                    Options.max_successive_merges: 0
2024/08/26-12:20:42.044089 673c                Options.optimize_filters_for_hits: 0
2024/08/26-12:20:42.044092 673c                Options.paranoid_file_checks: 0
2024/08/26-12:20:42.044096 673c                Options.force_consistency_checks: 1
2024/08/26-12:20:42.044099 673c                Options.report_bg_io_stats: 0
2024/08/26-12:20:42.044102 673c                               Options.ttl: 0
2024/08/26-12:20:42.044105 673c          Options.periodic_compaction_seconds: 0
2024/08/26-12:20:42.044109 673c  Options.preclude_last_level_data_seconds: 0
2024/08/26-12:20:42.044112 673c    Options.preserve_internal_time_seconds: 0
2024/08/26-12:20:42.044115 673c                       Options.enable_blob_files: true
2024/08/26-12:20:42.044119 673c                           Options.min_blob_size: 100
2024/08/26-12:20:42.044122 673c                          Options.blob_file_size: 268435456
2024/08/26-12:20:42.044126 673c                   Options.blob_compression_type: LZ4
2024/08/26-12:20:42.044129 673c          Options.enable_blob_garbage_collection: false
2024/08/26-12:20:42.044133 673c      Options.blob_garbage_collection_age_cutoff: 0.250000
2024/08/26-12:20:42.044137 673c Options.blob_garbage_collection_force_threshold: 1.000000
2024/08/26-12:20:42.044141 673c          Options.blob_compaction_readahead_size: 0
2024/08/26-12:20:42.044144 673c                Options.blob_file_starting_level: 0
2024/08/26-12:20:42.044147 673c Options.experimental_mempurge_threshold: 0.000000
2024/08/26-12:20:42.044196 673c [db\column_family.cc:621] --------------- Options for column family []:
2024/08/26-12:20:42.044201 673c               Options.comparator: leveldb.BytewiseComparator
2024/08/26-12:20:42.044205 673c           Options.merge_operator: None
2024/08/26-12:20:42.044208 673c        Options.compaction_filter: None
2024/08/26-12:20:42.044211 673c        Options.compaction_filter_factory: None
2024/08/26-12:20:42.044214 673c  Options.sst_partitioner_factory: None
2024/08/26-12:20:42.044218 673c         Options.memtable_factory: SkipListFactory
2024/08/26-12:20:42.044221 673c            Options.table_factory: BlockBasedTable
2024/08/26-12:20:42.044240 673c            table_factory options:   flush_block_policy_factory: FlushBlockBySizePolicyFactory (000001F2DB252400)
  cache_index_and_filter_blocks: 0
  cache_index_and_filter_blocks_with_high_priority: 1
  pin_l0_filter_and_index_blocks_in_cache: 0
  pin_top_level_index_and_filter: 1
  index_type: 0
  data_block_index_type: 0
  index_shortening: 1
  data_block_hash_table_util_ratio: 0.750000
  checksum: 1
  no_block_cache: 0
  block_cache: 000001F2E1E8DE70
  block_cache_name: LRUCache
  block_cache_options:
    capacity : 134217728
    num_shard_bits : 6
    strict_capacity_limit : 0
    memory_allocator : None
    high_pri_pool_ratio: 0.000
    low_pri_pool_ratio: 0.000
  persistent_cache: 0000000000000000
  block_size: 32768
  block_size_deviation: 10
  block_restart_interval: 16
  index_block_restart_interval: 1
  metadata_block_size: 4096
  partition_filters: 0
  use_delta_encoding: 1
  filter_policy: bloomfilter
  whole_key_filtering: 1
  verify_compression: 0
  read_amp_bytes_per_bit: 0
  format_version: 5
  enable_index_compression: 1
  block_align: 0
  max_auto_readahead_size: 262144
  prepopulate_block_cache: 0
  initial_auto_readahead_size: 8192
  num_file_reads_for_auto_readahead: 2
2024/08/26-12:20:42.044246 673c        Options.write_buffer_size: 67108864
2024/08/26-12:20:42.044251 673c  Options.max_write_buffer_number: 2
2024/08/26-12:20:42.044254 673c          Options.compression: LZ4
2024/08/26-12:20:42.044257 673c                  Options.bottommost_compression: Disabled
2024/08/26-12:20:42.044261 673c       Options.prefix_extractor: nullptr
2024/08/26-12:20:42.044264 673c   Options.memtable_insert_with_hint_prefix_extractor: nullptr
2024/08/26-12:20:42.044267 673c             Options.num_levels: 7
2024/08/26-12:20:42.044271 673c        Options.min_write_buffer_number_to_merge: 1
2024/08/26-12:20:42.044274 673c     Options.max_write_buffer_number_to_maintain: 0
2024/08/26-12:20:42.044278 673c     Options.max_write_buffer_size_to_maintain: 134217728
2024/08/26-12:20:42.044281 673c            Options.bottommost_compression_opts.window_bits: -14
2024/08/26-12:20:42.044285 673c                  Options.bottommost_compression_opts.level: 32767
2024/08/26-12:20:42.044288 673c               Options.bottommost_compression_opts.strategy: 0
2024/08/26-12:20:42.044292 673c         Options.bottommost_compression_opts.max_dict_bytes: 0
2024/08/26-12:20:42.044295 673c         Options.bottommost_compression_opts.zstd_max_train_bytes: 0
2024/08/26-12:20:42.044299 673c         Options.bottommost_compression_opts.parallel_threads: 1
2024/08/26-12:20:42.044302 673c                  Options.bottommost_compression_opts.enabled: false
2024/08/26-12:20:42.044306 673c         Options.bottommost_compression_opts.max_dict_buffer_bytes: 0
2024/08/26-12:20:42.044309 673c         Options.bottommost_compression_opts.use_zstd_dict_trainer: true
2024/08/26-12:20:42.044313 673c            Options.compression_opts.window_bits: -14
2024/08/26-12:20:42.044316 673c                  Options.compression_opts.level: 32767
2024/08/26-12:20:42.044320 673c               Options.compression_opts.strategy: 0
2024/08/26-12:20:42.044323 673c         Options.compression_opts.max_dict_bytes: 0
2024/08/26-12:20:42.044326 673c         Options.compression_opts.zstd_max_train_bytes: 0
2024/08/26-12:20:42.044329 673c         Options.compression_opts.use_zstd_dict_trainer: true
2024/08/26-12:20:42.044333 673c         Options.compression_opts.parallel_threads: 1
2024/08/26-12:20:42.044336 673c                  Options.compression_opts.enabled: false
2024/08/26-12:20:42.044339 673c         Options.compression_opts.max_dict_buffer_bytes: 0
2024/08/26-12:20:42.044343 673c      Options.level0_file_num_compaction_trigger: 4
2024/08/26-12:20:42.044346 673c          Options.level0_slowdown_writes_trigger: 20
2024/08/26-12:20:42.044349 673c              Options.level0_stop_writes_trigger: 36
2024/08/26-12:20:42.044353 673c                   Options.target_file_size_base: 67108864
2024/08/26-12:20:42.044358 673c             Options.target_file_size_multiplier: 1
2024/08/26-12:20:42.044361 673c                Options.max_bytes_for_level_base: 268435456
2024/08/26-12:20:42.044364 673c Options.level_compaction_dynamic_level_bytes: 0
2024/08/26-12:20:42.044368 673c          Options.max_bytes_for_level_multiplier: 10.000000
2024/08/26-12:20:42.044372 673c Options.max_bytes_for_level_multiplier_addtl[0]: 1
2024/08/26-12:20:42.044376 673c Options.max_bytes_for_level_multiplier_addtl[1]: 1
2024/08/26-12:20:42.044404 673c Options.max_bytes_for_level_multiplier_addtl[2]: 1
2024/08/26-12:20:42.044410 673c Options.max_bytes_for_level_multiplier_addtl[3]: 1
2024/08/26-12:20:42.044413 673c Options.max_bytes_for_level_multiplier_addtl[4]: 1
2024/08/26-12:20:42.044416 673c Options.max_bytes_for_level_multiplier_addtl[5]: 1
2024/08/26-12:20:42.044420 673c Options.max_bytes_for_level_multiplier_addtl[6]: 1
2024/08/26-12:20:42.044423 673c       Options.max_sequential_skip_in_iterations: 8
2024/08/26-12:20:42.044426 673c                    Options.max_compaction_bytes: 1677721600
2024/08/26-12:20:42.044430 673c   Options.ignore_max_compaction_bytes_for_input: true
2024/08/26-12:20:42.044433 673c                        Options.arena_block_size: 1048576
2024/08/26-12:20:42.044437 673c   Options.soft_pending_compaction_bytes_limit: 68719476736
2024/08/26-12:20:42.044440 673c   Options.hard_pending_compaction_bytes_limit: 274877906944
2024/08/26-12:20:42.044443 673c                Options.disable_auto_compactions: 0
2024/08/26-12:20:42.044447 673c                        Options.compaction_style: kCompactionStyleLevel
2024/08/26-12:20:42.044451 673c                          Options.compaction_pri: kMinOverlappingRatio
2024/08/26-12:20:42.044454 673c Options.compaction_options_universal.size_ratio: 1
2024/08/26-12:20:42.044458 673c Options.compaction_options_universal.min_merge_width: 2
2024/08/26-12:20:42.044461 673c Options.compaction_options_universal.max_merge_width: 4294967295
2024/08/26-12:20:42.044465 673c Options.compaction_options_universal.max_size_amplification_percent: 200
2024/08/26-12:20:42.044469 673c Options.compaction_options_universal.compression_size_percent: -1
2024/08/26-12:20:42.044472 673c Options.compaction_options_universal.stop_style: kCompactionStopStyleTotalSize
2024/08/26-12:20:42.044476 673c Options.compaction_options_fifo.max_table_files_size: 1073741824
2024/08/26-12:20:42.044479 673c Options.compaction_options_fifo.allow_compaction: 0
2024/08/26-12:20:42.044484 673c                   Options.table_properties_collectors: 
2024/08/26-12:20:42.044488 673c                   Options.inplace_update_support: 0
2024/08/26-12:20:42.044491 673c                 Options.inplace_update_num_locks: 10000
2024/08/26-12:20:42.044495 673c               Options.memtable_prefix_bloom_size_ratio: 0.000000
2024/08/26-12:20:42.044499 673c               Options.memtable_whole_key_filtering: 0
2024/08/26-12:20:42.044502 673c   Options.memtable_huge_page_size: 0
2024/08/26-12:20:42.044505 673c                           Options.bloom_locality: 0
2024/08/26-12:20:42.044509 673c                    Options.max_successive_merges: 0
2024/08/26-12:20:42.044512 673c                Options.optimize_filters_for_hits: 0
2024/08/26-12:20:42.044515 673c                Options.paranoid_file_checks: 0
2024/08/26-12:20:42.044518 673c                Options.force_consistency_checks: 1
2024/08/26-12:20:42.044522 673c                Options.report_bg_io_stats: 0
2024/08/26-12:20:42.044525 673c                               Options.ttl: 0
2024/08/26-12:20:42.044528 673c          Options.periodic_compaction_seconds: 0
2024/08/26-12:20:42.044532 673c  Options.preclude_last_level_data_seconds: 0
2024/08/26-12:20:42.044535 673c    Options.preserve_internal_time_seconds: 0
2024/08/26-12:20:42.044538 673c                       Options.enable_blob_files: false
2024/08/26-12:20:42.044541 673c                           Options.min_blob_size: 0
2024/08/26-12:20:42.044545 673c                          Options.blob_file_size: 268435456
2024/08/26-12:20:42.044548 673c                   Options.blob_compression_type: NoCompression
2024/08/26-12:20:42.044552 673c          Options.enable_blob_garbage_collection: false
2024/08/26-12:20:42.044556 673c      Options.blob_garbage_collection_age_cutoff: 0.250000
2024/08/26-12:20:42.044560 673c Options.blob_garbage_collection_force_threshold: 1.000000
2024/08/26-12:20:42.044564 673c          Options.blob_compaction_readahead_size: 0
2024/08/26-12:20:42.044567 673c                Options.blob_file_starting_level: 0
2024/08/26-12:20:42.044572 673c Options.experimental_mempurge_threshold: 0.000000
2024/08/26-12:20:42.044612 673c [db\column_family.cc:621] --------------- Options for column family []:
2024/08/26-12:20:42.044618 673c               Options.comparator: leveldb.BytewiseComparator
2024/08/26-12:20:42.044621 673c           Options.merge_operator: None
2024/08/26-12:20:42.044624 673c        Options.compaction_filter: None
2024/08/26-12:20:42.044628 673c        Options.compaction_filter_factory: None
2024/08/26-12:20:42.044631 673c  Options.sst_partitioner_factory: None
2024/08/26-12:20:42.044634 673c         Options.memtable_factory: SkipListFactory
2024/08/26-12:20:42.044637 673c            Options.table_factory: BlockBasedTable
2024/08/26-12:20:42.044657 673c            table_factory options:   flush_block_policy_factory: FlushBlockBySizePolicyFactory (000001F2DB2526A0)
  cache_index_and_filter_blocks: 0
  cache_index_and_filter_blocks_with_high_priority: 1
  pin_l0_filter_and_index_blocks_in_cache: 0
  pin_top_level_index_and_filter: 1
  index_type: 0
  data_block_index_type: 0
  index_shortening: 1
  data_block_hash_table_util_ratio: 0.750000
  checksum: 1
  no_block_cache: 0
  block_cache: 000001F2E1E8C250
  block_cache_name: LRUCache
  block_cache_options:
    capacity : 134217728
    num_shard_bits : 6
    strict_capacity_limit : 0
    memory_allocator : None
    high_pri_pool_ratio: 0.000
    low_pri_pool_ratio: 0.000
  persistent_cache: 0000000000000000
  block_size: 32768
  block_size_deviation: 10
  block_restart_interval: 16
  index_block_restart_interval: 1
  metadata_block_size: 4096
  partition_filters: 0
  use_delta_encoding: 1
  filter_policy: bloomfilter
  whole_key_filtering: 1
  verify_compression: 0
  read_amp_bytes_per_bit: 0
  format_version: 5
  enable_index_compression: 1
  block_align: 0
  max_auto_readahead_size: 262144
  prepopulate_block_cache: 0
  initial_auto_readahead_size: 8192
  num_file_reads_for_auto_readahead: 2
2024/08/26-12:20:42.044661 673c        Options.write_buffer_size: 67108864
2024/08/26-12:20:42.044664 673c  Options.max_write_buffer_number: 2
2024/08/26-12:20:42.044667 673c          Options.compression: LZ4
2024/08/26-12:20:42.044671 673c                  Options.bottommost_compression: Disabled
2024/08/26-12:20:42.044674 673c       Options.prefix_extractor: nullptr
2024/08/26-12:20:42.044678 673c   Options.memtable_insert_with_hint_prefix_extractor: nullptr
2024/08/26-12:20:42.044681 673c             Options.num_levels: 7
2024/08/26-12:20:42.044684 673c        Options.min_write_buffer_number_to_merge: 1
2024/08/26-12:20:42.044688 673c     Options.max_write_buffer_number_to_maintain: 0
2024/08/26-12:20:42.044691 673c     Options.max_write_buffer_size_to_maintain: 134217728
2024/08/26-12:20:42.044695 673c            Options.bottommost_compression_opts.window_bits: -14
2024/08/26-12:20:42.044698 673c                  Options.bottommost_compression_opts.level: 32767
2024/08/26-12:20:42.044702 673c               Options.bottommost_compression_opts.strategy: 0
